pic00011.jpg 146 49 166 76
pic00021.jpg 279 215 307 248
pic00051.jpg 97 77 118 101
pic00061.jpg 88 23 102 39
pic00081.jpg 331 127 360 166
pic00101.jpg 386 494 574 729
pic00111.jpg 112 88 132 113
pic00121.jpg 163 120 193 155
pic00161.jpg 118 130 175 205
pic00171.jpg 123 131 170 193
pic00201.jpg 63 75 94 113
pic00211.jpg 219 133 251 169
pic00221.jpg 81 95 125 136
pic00271.jpg 74 91 98 121
pic00291.jpg 111 71 140 100
pic00301.jpg 94 165 157 236
pic00311.jpg 34 99 80 151
pic00331.jpg 102 85 135 122
pic00341.jpg 456 157 472 178
pic00381.jpg 53 75 81 111
pic00401.jpg 65 31 74 43
pic00411.jpg 305 156 326 183
pic00421.jpg 217 150 226 163
pic00441.jpg 63 37 84 59
pic00471.jpg 154 122 198 178
pic00491.jpg 87 115 137 177
pic00511.jpg 45 87 61 104
pic00531.jpg 58 79 94 124
pic00541.jpg 56 64 92 101
pic00551.jpg 179 108 214 150
pic00561.jpg 97 89 138 135
pic00571.jpg 52 86 89 124
pic00601.jpg 57 60 70 78
pic00621.jpg 99 171 122 202
pic00631.jpg 88 79 106 102
pic00641.jpg 89 73 119 105
pic00651.jpg 102 112 147 162
pic00691.jpg 41 38 54 57
pic00791.jpg 60 67 88 103
pic00881.jpg 390 261 475 362
pic00891.jpg 80 60 107 97
pic00911.jpg 101 35 117 54
pic00921.jpg 50 104 103 161
pic00931.jpg 81 81 117 119
pic00941.jpg 76 94 113 138
pic00961.jpg 65 67 81 86
pic00981.jpg 51 70 82 110
pic01001.jpg 66 96 101 132
pic01021.jpg 47 79 82 116
pic01051.jpg 123 104 180 158
pic01071.jpg 96 64 124 88
pic01091.jpg 52 51 61 62
pic01101.jpg 53 76 84 111
pic01111.jpg 154 74 164 85
pic01131.jpg 52 62 82 94
pic01141.jpg 70 47 90 71
pic01161.jpg 86 116 136 169
pic01201.jpg 133 89 166 130
pic01241.jpg 131 98 179 155
pic01291.jpg 76 86 118 134
pic01331.jpg 48 80 80 119
pic01361.jpg 54 65 85 101
pic01391.jpg 122 149 172 187
pic01401.jpg 207 87 237 118
pic01421.jpg 59 74 93 107
pic01431.jpg 117 99 166 151
pic01521.jpg 165 148 232 247
pic01531.jpg 64 29 75 45
pic01551.jpg 204 43 225 69
pic01561.jpg 48 43 64 67
pic01571.jpg 72 62 97 93
pic01581.jpg 290 130 326 179
pic01591.jpg 39 20 48 31
pic01601.jpg 47 79 81 116
pic01641.jpg 87 64 104 84
pic01651.jpg 83 61 107 90
pic01661.jpg 48 71 76 103
pic01671.jpg 178 74 203 105
pic01691.jpg 112 48 134 72
pic01701.jpg 92 132 135 178
pic01741.jpg 69 44 83 59
pic01761.jpg 282 210 347 281
pic01781.jpg 86 65 96 78
pic01791.jpg 173 66 189 82
pic01831.jpg 258 232 308 301
pic01861.jpg 303 118 332 150
pic01871.jpg 147 69 162 83
pic01881.jpg 97 72 109 86
pic01911.jpg 142 102 171 134
pic01961.jpg 138 98 168 138
pic01971.jpg 101 109 140 151
pic01991.jpg 353 163 388 209
pic02021.jpg 125 68 150 93
pic02051.jpg 94 64 116 88
pic02071.jpg 131 139 178 192
pic02091.jpg 377 240 447 310
pic02121.jpg 70 54 94 78
pic02131.jpg 88 55 109 76
pic02151.jpg 56 50 68 63
pic02171.jpg 92 143 143 204
pic02191.jpg 217 150 234 170
pic02201.jpg 88 75 99 88
pic02211.jpg 131 54 159 87
pic02251.jpg 49 59 78 89
pic02261.jpg 75 99 101 128
pic02311.jpg 68 86 108 143
pic02331.jpg 79 65 107 103
pic02341.jpg 41 63 66 85
pic02381.jpg 94 104 150 179
pic02391.jpg 55 89 96 129
pic02401.jpg 103 66 124 94
pic02411.jpg 142 94 155 108
pic02421.jpg 155 107 198 154
