pic00001.jpg 2.378595e+02 2.009914e+02 2.731565e+02 2.053055e+02 2.535470e+02 2.300134e+02 2.531549e+02 2.421712e+02 
pic00011.jpg 1.464448e+02 4.957317e+01 1.656670e+02 5.185378e+01 1.519834e+02 6.895834e+01 1.514947e+02 7.596307e+01 
pic00021.jpg 2.796421e+02 2.158499e+02 3.079803e+02 2.158499e+02 2.911123e+02 2.374410e+02 2.921244e+02 2.489112e+02 
pic00051.jpg 9.788784e+01 7.952948e+01 1.189509e+02 7.712228e+01 1.111275e+02 9.317030e+01 1.103251e+02 1.013949e+02 
pic00061.jpg 8.884269e+01 2.370588e+01 1.022709e+02 2.700403e+01 9.473226e+01 3.277581e+01 9.343655e+01 3.913654e+01 
pic00081.jpg 3.315239e+02 1.318206e+02 3.604715e+02 1.277301e+02 3.431659e+02 1.544752e+02 3.450538e+02 1.667465e+02 
pic00101.jpg 3.866653e+02 4.940674e+02 5.747589e+02 4.940674e+02 4.992131e+02 6.636600e+02 4.837956e+02 7.299553e+02 
pic00111.jpg 1.120547e+02 8.863724e+01 1.328204e+02 8.908867e+01 1.237918e+02 1.089515e+02 1.237918e+02 1.139172e+02 
pic00121.jpg 1.636344e+02 1.202518e+02 1.935312e+02 1.219128e+02 1.762575e+02 1.484877e+02 1.762575e+02 1.557958e+02 
pic00161.jpg 1.180076e+02 1.300518e+02 1.750959e+02 1.365257e+02 1.321325e+02 1.841974e+02 1.321325e+02 2.059733e+02 
pic00171.jpg 1.237241e+02 1.370650e+02 1.702402e+02 1.311893e+02 1.594680e+02 1.777053e+02 1.594680e+02 1.933739e+02 
pic00201.jpg 6.346400e+01 7.914887e+01 9.462921e+01 7.597464e+01 8.048944e+01 1.028114e+02 8.250941e+01 1.131998e+02 
pic00211.jpg 2.190170e+02 1.331396e+02 2.510697e+02 1.372248e+02 2.322151e+02 1.589075e+02 2.312724e+02 1.692775e+02 
pic00221.jpg 8.143755e+01 9.581360e+01 1.250689e+02 1.046238e+02 9.486256e+01 1.218246e+02 9.234537e+01 1.360887e+02 
pic00271.jpg 7.459891e+01 9.896962e+01 9.855906e+01 9.167740e+01 9.178772e+01 1.130332e+02 9.282946e+01 1.211067e+02 
pic00291.jpg 1.112634e+02 7.126177e+01 1.406724e+02 7.100604e+01 1.263515e+02 8.865147e+01 1.273744e+02 1.009266e+02 
pic00301.jpg 9.476151e+01 1.655278e+02 1.574757e+02 1.682545e+02 1.231193e+02 2.178806e+02 1.258460e+02 2.369675e+02 
pic00311.jpg 3.423956e+01 1.006318e+02 8.058190e+01 9.999701e+01 5.360177e+01 1.330080e+02 5.518883e+01 1.511005e+02 
pic00331.jpg 1.021382e+02 8.670910e+01 1.357427e+02 8.577564e+01 1.211185e+02 1.100456e+02 1.204962e+02 1.224917e+02 
pic00341.jpg 4.562783e+02 1.599525e+02 4.728227e+02 1.573054e+02 4.637784e+02 1.729674e+02 4.648814e+02 1.784822e+02 
pic00381.jpg 5.398059e+01 7.575752e+01 8.172229e+01 8.164956e+01 6.502817e+01 1.030082e+02 6.281866e+01 1.116008e+02 
pic00401.jpg 6.551521e+01 3.474961e+01 7.414039e+01 3.103415e+01 7.188457e+01 4.151706e+01 7.400769e+01 4.364018e+01 
pic00411.jpg 3.052568e+02 1.564590e+02 3.263110e+02 1.574017e+02 3.134271e+02 1.737423e+02 3.146841e+02 1.831696e+02 
pic00421.jpg 2.171064e+02 1.507644e+02 2.265193e+02 1.513601e+02 2.215150e+02 1.607730e+02 2.212767e+02 1.639900e+02 
pic00441.jpg 6.371451e+01 3.770349e+01 8.498773e+01 3.750652e+01 7.395717e+01 5.227959e+01 7.376019e+01 5.976461e+01 
pic00471.jpg 1.546451e+02 1.227111e+02 1.988531e+02 1.243484e+02 1.742931e+02 1.661004e+02 1.771584e+02 1.787898e+02 
pic00491.jpg 8.764309e+01 1.157310e+02 1.378649e+02 1.253890e+02 1.088908e+02 1.616067e+02 1.030959e+02 1.770595e+02 
pic00511.jpg 4.512270e+01 8.804676e+01 6.140795e+01 8.705376e+01 5.584714e+01 9.777819e+01 5.525133e+01 1.049278e+02 
pic00531.jpg 5.858666e+01 8.088017e+01 9.475275e+01 7.910151e+01 7.755903e+01 1.120067e+02 7.785548e+01 1.241609e+02 
pic00541.jpg 5.670695e+01 6.485042e+01 9.235994e+01 6.930704e+01 7.423634e+01 9.010462e+01 7.185947e+01 1.010976e+02 
pic00551.jpg 1.791867e+02 1.087796e+02 2.147756e+02 1.103103e+02 1.987032e+02 1.401590e+02 1.975552e+02 1.501086e+02 
pic00561.jpg 9.719687e+01 8.957638e+01 1.381593e+02 9.103932e+01 1.209697e+02 1.188353e+02 1.191410e+02 1.356591e+02 
pic00571.jpg 5.280262e+01 8.718867e+01 8.987534e+01 8.631978e+01 7.162861e+01 1.149932e+02 7.075972e+01 1.248407e+02 
pic00601.jpg 5.701776e+01 6.035684e+01 7.009993e+01 6.035684e+01 6.453625e+01 7.208568e+01 6.438588e+01 7.870195e+01 
pic00621.jpg 9.926835e+01 1.724362e+02 1.227583e+02 1.718562e+02 1.108683e+02 1.921561e+02 1.108683e+02 2.023061e+02 
pic00631.jpg 8.851543e+01 8.395334e+01 1.068432e+02 7.917219e+01 1.006277e+02 9.797803e+01 1.019026e+02 1.025998e+02 
pic00641.jpg 8.967282e+01 7.339240e+01 1.196713e+02 7.382403e+01 1.026218e+02 9.756384e+01 9.916875e+01 1.059807e+02 
pic00651.jpg 1.026597e+02 1.134067e+02 1.472219e+02 1.125497e+02 1.257977e+02 1.459713e+02 1.257977e+02 1.622536e+02 
pic00681.jpg 9.427884e+01 4.830230e+01 1.053964e+02 4.882672e+01 9.962786e+01 5.805639e+01 9.868392e+01 6.309076e+01 
pic00691.jpg 4.191590e+01 3.913380e+01 5.498028e+01 3.871685e+01 4.942097e+01 5.122530e+01 4.900402e+01 5.747952e+01 
pic00791.jpg 6.024478e+01 6.742781e+01 8.815285e+01 6.822518e+01 7.353434e+01 9.028585e+01 7.300275e+01 1.038412e+02 
pic00881.jpg 3.904048e+02 2.611354e+02 4.751530e+02 2.666030e+02 4.273113e+02 3.322146e+02 4.300451e+02 3.622866e+02 
pic00891.jpg 8.031334e+01 6.098560e+01 1.077205e+02 6.576592e+01 9.433560e+01 8.520587e+01 9.337954e+01 9.731601e+01 
pic00911.jpg 1.018562e+02 3.570989e+01 1.176466e+02 3.895448e+01 1.092106e+02 4.890455e+01 1.083454e+02 5.474481e+01 
pic00921.jpg 5.053550e+01 1.067460e+02 1.033846e+02 1.048172e+02 7.252380e+01 1.430074e+02 7.445260e+01 1.619097e+02 
pic00931.jpg 8.161355e+01 8.164766e+01 1.173738e+02 8.264181e+01 9.850828e+01 1.084839e+02 9.917690e+01 1.190824e+02 
pic00941.jpg 7.610319e+01 9.415179e+01 1.137404e+02 9.490453e+01 9.454542e+01 1.276489e+02 9.379268e+01 1.381873e+02 
pic00961.jpg 6.510288e+01 6.933849e+01 8.158487e+01 6.776878e+01 7.314766e+01 8.052270e+01 7.354009e+01 8.621291e+01 
pic00981.jpg 5.168876e+01 7.081189e+01 8.296881e+01 7.027258e+01 7.164327e+01 9.562021e+01 6.894672e+01 1.107209e+02 
pic01001.jpg 6.629655e+01 1.006017e+02 1.012365e+02 9.623423e+01 8.464004e+01 1.253509e+02 8.551354e+01 1.329212e+02 
pic01021.jpg 4.755183e+01 8.175866e+01 8.271222e+01 7.929743e+01 6.407722e+01 1.063709e+02 6.759326e+01 1.162158e+02 
pic01051.jpg 1.234896e+02 1.043828e+02 1.803954e+02 1.091693e+02 1.458265e+02 1.400155e+02 1.458265e+02 1.580977e+02 
pic01071.jpg 9.671431e+01 6.493532e+01 1.244483e+02 6.525410e+01 1.107407e+02 8.119320e+01 1.110595e+02 8.852518e+01 
pic01091.jpg 5.217626e+01 5.110122e+01 6.194935e+01 5.137652e+01 5.685633e+01 6.004842e+01 5.671868e+01 6.252610e+01 
pic01101.jpg 5.393430e+01 7.641550e+01 8.471266e+01 7.677338e+01 6.574461e+01 9.967821e+01 6.574461e+01 1.114885e+02 
pic01111.jpg 1.542261e+02 7.439065e+01 1.647973e+02 7.622911e+01 1.583627e+02 8.251052e+01 1.577499e+02 8.572783e+01 
pic01131.jpg 5.284087e+01 6.284390e+01 8.208218e+01 6.418872e+01 6.528050e+01 8.738694e+01 6.528050e+01 9.444727e+01 
pic01141.jpg 7.012673e+01 4.894668e+01 9.080679e+01 4.789958e+01 8.243006e+01 6.517659e+01 8.243006e+01 7.172091e+01 
pic01161.jpg 8.687850e+01 1.160151e+02 1.366324e+02 1.175280e+02 1.150221e+02 1.572306e+02 1.140170e+02 1.697947e+02 
pic01171.jpg 2.561236e+02 2.779229e+02 3.228836e+02 2.779229e+02 2.860161e+02 3.387043e+02 2.870125e+02 3.626184e+02
pic01201.jpg 1.331459e+02 8.930325e+01 1.667200e+02 9.140163e+01 1.490936e+02 1.174216e+02 1.490936e+02 1.300118e+02 
pic01211.jpg 1.241305e+02 9.933215e+01 1.385405e+02 1.010418e+02 1.319461e+02 1.127652e+02 1.309691e+02 1.183827e+02 
pic01241.jpg 1.318308e+02 1.046728e+02 1.799640e+02 9.897963e+01 1.623669e+02 1.409021e+02 1.639196e+02 1.553938e+02 
pic01291.jpg 7.655263e+01 8.621150e+01 1.188821e+02 8.818031e+01 9.624074e+01 1.186969e+02 9.624074e+01 1.344474e+02 
pic01331.jpg 4.820529e+01 8.407879e+01 8.017821e+01 8.065312e+01 6.609490e+01 1.084391e+02 6.723679e+01 1.190967e+02 
pic01351.jpg 1.468730e+02 2.543160e+02 1.903369e+02 2.505366e+02 1.695498e+02 2.763629e+02 1.701797e+02 2.927407e+02 
pic01361.jpg 5.439401e+01 6.686822e+01 8.508742e+01 6.574186e+01 7.072628e+01 8.798754e+01 7.100787e+01 1.015039e+02 
pic01391.jpg 1.226596e+02 1.508565e+02 1.729991e+02 1.497124e+02 1.472573e+02 1.771703e+02 1.484014e+02 1.874670e+02 
pic01401.jpg 2.079628e+02 8.766772e+01 2.372223e+02 8.733141e+01 2.197338e+02 1.095283e+02 2.204065e+02 1.182725e+02 
pic01421.jpg 5.921422e+01 8.284395e+01 9.317236e+01 7.450877e+01 7.897168e+01 9.797076e+01 8.144137e+01 1.078495e+02 
pic01431.jpg 1.173287e+02 1.000413e+02 1.662583e+02 9.903245e+01 1.415413e+02 1.353513e+02 1.410368e+02 1.514930e+02 
pic01521.jpg 1.659322e+02 1.482431e+02 2.320103e+02 1.512352e+02 2.088216e+02 2.155653e+02 2.073255e+02 2.477304e+02 
pic01531.jpg 6.464682e+01 3.193773e+01 7.599963e+01 2.966717e+01 7.199276e+01 4.101998e+01 7.292770e+01 4.529398e+01 
pic01551.jpg 2.042459e+02 4.590635e+01 2.256764e+02 4.386721e+01 2.141867e+02 6.145479e+01 2.146965e+02 6.963091e+01 
pic01561.jpg 4.817045e+01 4.321890e+01 6.457099e+01 4.473142e+01 5.671240e+01 5.976524e+01 5.602904e+01 6.779467e+01 
pic01571.jpg 7.232248e+01 6.272671e+01 9.774030e+01 6.401044e+01 8.567326e+01 8.557707e+01 8.490302e+01 9.379294e+01 
pic01581.jpg 2.904826e+02 1.303800e+02 3.266260e+02 1.341562e+02 3.136791e+02 1.638262e+02 3.105213e+02 1.794704e+02 
pic01591.jpg 3.924538e+01 2.024219e+01 4.898607e+01 2.034261e+01 4.436678e+01 2.737197e+01 4.446720e+01 3.108749e+01 
pic01601.jpg 4.729898e+01 8.108238e+01 8.199256e+01 7.940366e+01 6.492555e+01 1.057036e+02 6.688406e+01 1.160557e+02 
pic01641.jpg 8.704330e+01 6.487139e+01 1.049802e+02 6.562663e+01 9.799423e+01 7.752161e+01 9.761661e+01 8.450754e+01 
pic01651.jpg 8.333951e+01 6.172750e+01 1.071409e+02 6.580773e+01 9.388011e+01 8.314870e+01 9.354009e+01 9.028911e+01 
pic01661.jpg 4.828434e+01 7.165356e+01 7.687581e+01 7.135880e+01 6.066415e+01 9.287609e+01 6.125367e+01 1.037821e+02
pic01671.jpg 1.785341e+02 7.481133e+01 2.030416e+02 8.142447e+01 1.874813e+02 9.620680e+01 1.847582e+02 1.059320e+02 
pic01691.jpg 1.125658e+02 4.979122e+01 1.347328e+02 4.834554e+01 1.250950e+02 6.497081e+01 1.255769e+02 7.268108e+01 
pic01701.jpg 9.268019e+01 1.322774e+02 1.352211e+02 1.322774e+02 1.155446e+02 1.639237e+02 1.139131e+02 1.789687e+02 
pic01741.jpg 6.973021e+01 4.426022e+01 8.368104e+01 4.598255e+01 7.541388e+01 5.511087e+01 7.524165e+01 5.924445e+01 
pic01761.jpg 2.827792e+02 2.108192e+02 3.477079e+02 2.138747e+02 3.125700e+02 2.612345e+02 3.140978e+02 2.810950e+02 
pic01781.jpg 8.655007e+01 6.565810e+01 9.699896e+01 6.532104e+01 9.194304e+01 7.475875e+01 9.228010e+01 7.880348e+01 
pic01791.jpg 1.736951e+02 6.625607e+01 1.899823e+02 6.721414e+01 1.819983e+02 7.695453e+01 1.819983e+02 8.222393e+01 
pic01831.jpg 2.585281e+02 2.479642e+02 3.087795e+02 2.328347e+02 2.893273e+02 2.847071e+02 3.001341e+02 3.019979e+02 
pic01861.jpg 3.033323e+02 1.184808e+02 3.322765e+02 1.209977e+02 3.138193e+02 1.423912e+02 3.159167e+02 1.507808e+02 
pic01871.jpg 1.471337e+02 6.977557e+01 1.621694e+02 7.155399e+01 1.547324e+02 7.882934e+01 1.539240e+02 8.384125e+01 
pic01881.jpg 9.707972e+01 7.281328e+01 1.092809e+02 7.315697e+01 1.030944e+02 8.157751e+01 1.036099e+02 8.638925e+01 
pic01911.jpg 1.425772e+02 1.084464e+02 1.718199e+02 1.024650e+02 1.621831e+02 1.243970e+02 1.638446e+02 1.340338e+02 
pic01961.jpg 1.388938e+02 9.831978e+01 1.687407e+02 1.025836e+02 1.457815e+02 1.284947e+02 1.457815e+02 1.389903e+02 
pic01971.jpg 1.010811e+02 1.090727e+02 1.409032e+02 1.178403e+02 1.134785e+02 1.361216e+02 1.112245e+02 1.519002e+02 
pic01991.jpg 3.536300e+02 1.665000e+02 3.880423e+02 1.630588e+02 3.747689e+02 1.959963e+02 3.777186e+02 2.092696e+02 
pic02001.jpg 6.081407e+01 6.475118e+01 9.391656e+01 6.260565e+01 7.797833e+01 8.528699e+01 7.920434e+01 9.877319e+01 
pic02021.jpg 1.253309e+02 6.812964e+01 1.504280e+02 7.111148e+01 1.375067e+02 8.577217e+01 1.367613e+02 9.322676e+01 
pic02051.jpg 9.459095e+01 6.445669e+01 1.168435e+02 6.490174e+01 1.061623e+02 8.136859e+01 1.059397e+02 8.826687e+01 
pic02061.jpg 6.260372e+01 4.304194e+01 7.084472e+01 4.107979e+01 6.652801e+01 4.918998e+01 6.757448e+01 5.298346e+01 
pic02071.jpg 1.313981e+02 1.471230e+02 1.784440e+02 1.393581e+02 1.601737e+02 1.804661e+02 1.624575e+02 1.927986e+02 
pic02091.jpg 3.772765e+02 2.458964e+02 4.478911e+02 2.400811e+02 4.188145e+02 2.907574e+02 4.206452e+02 3.106957e+02 
pic02121.jpg 7.011605e+01 5.609851e+01 9.472752e+01 5.496695e+01 8.341190e+01 7.080881e+01 8.426058e+01 7.872975e+01 
pic02131.jpg 8.861563e+01 5.585602e+01 1.095633e+02 5.585602e+01 1.005595e+02 6.926990e+01 1.007432e+02 7.643621e+01 
pic02151.jpg 5.626357e+01 5.113240e+01 6.852416e+01 5.037401e+01 6.410024e+01 6.010665e+01 6.410024e+01 6.377219e+01 
pic02171.jpg 9.225900e+01 1.434529e+02 1.437382e+02 1.557632e+02 1.040097e+02 1.843006e+02 1.012119e+02 2.044446e+02 
pic02191.jpg 2.173051e+02 1.516006e+02 2.344812e+02 1.501231e+02 2.252468e+02 1.632360e+02 2.261702e+02 1.706235e+02 
pic02201.jpg 8.836114e+01 7.594668e+01 9.953842e+01 7.594668e+01 9.498471e+01 8.505409e+01 9.484672e+01 8.822789e+01 
pic02211.jpg 1.317828e+02 5.459904e+01 1.598799e+02 6.068194e+01 1.445279e+02 7.719266e+01 1.427899e+02 8.777913e+01 
pic02251.jpg 4.997301e+01 5.920594e+01 7.891229e+01 6.135844e+01 6.360556e+01 8.049185e+01 6.336639e+01 8.910189e+01 
pic02261.jpg 7.552500e+01 9.940067e+01 1.017008e+02 1.021273e+02 8.779493e+01 1.206685e+02 8.779493e+01 1.280305e+02 
pic02311.jpg 6.804791e+01 9.010326e+01 1.081459e+02 8.649025e+01 8.285483e+01 1.262334e+02 8.375808e+01 1.433951e+02 
pic02331.jpg 7.921417e+01 6.520299e+01 1.073040e+02 6.783641e+01 9.501472e+01 8.890382e+01 9.384431e+01 1.032414e+02 
pic02341.jpg 4.198996e+01 6.368363e+01 6.693848e+01 6.300935e+01 5.345279e+01 7.761884e+01 5.412708e+01 8.548550e+01 
pic02381.jpg 9.401111e+01 1.135444e+02 1.500540e+02 1.046955e+02 1.282268e+02 1.583787e+02 1.329462e+02 1.796160e+02 
pic02391.jpg 5.503237e+01 9.260429e+01 9.694557e+01 8.956971e+01 7.520524e+01 1.148775e+02 7.557202e+01 1.295487e+02 
pic02401.jpg 1.034090e+02 6.691043e+01 1.240074e+02 6.796676e+01 1.129160e+02 8.513204e+01 1.121237e+02 9.437488e+01 
pic02411.jpg 1.421969e+02 9.451175e+01 1.554901e+02 9.526067e+01 1.481882e+02 1.040604e+02 1.481882e+02 1.087411e+02 
pic02421.jpg 1.552801e+02 1.071190e+02 1.988790e+02 1.084269e+02 1.786955e+02 1.428700e+02 1.770795e+02 1.546417e+02 